BTF_18_Septoriella_hollandica	gi|1694420403|gb|MK539967.1|	99.441	537	2	1	10	546	53	588	0.0	974	2591522
BTF_67_Mucor_hiemalis	gi|1406194612|gb|MH497160.1|	97.782	586	13	0	11	596	10	595	0.0	1029	1709941
Conidiobolus_coronatus	gi|731445366|gb|KP131876.1|	97.759	580	13	0	1	580	22	601	0.0	1022	34488
BTF_84_Penicillium_sp.	gi|229893711|gb|FJ231027.1|	100.000	59	0	0	14	72	25	83	1.68e-20	110	1561947
BTF_9_Vishniacozyma_victoriae	gi|923141842|gb|KR698912.1|	100.000	463	0	0	9	471	17	479	0.0	856	1699677
BTF_54_Pseudeurotium_sp.	gi|923141853|gb|KR698923.1|	99.603	504	2	0	7	510	10	513	0.0	924	1699677
BTF_113_Cladosporium_sp./Caryospora_sp.	gi|1278944482|gb|MG265952.1|	100.000	487	0	0	12	498	69	555	0.0	900	1709941
BTF_5_Dioszegia_sp.	gi|510952229|gb|KC455892.1|	100.000	449	0	0	16	464	2	450	0.0	830	1342761
BTF_24_Caryospora_sp./Cladosporium_sp.	gi|1605000575|gb|MK722292.1|	100.000	493	0	0	12	504	29	521	0.0	911	470178
BTF_72_Cadophora_sp.	gi|1254634463|gb|MG190410.1|	99.703	337	1	0	7	343	12	348	3.48e-173	619	1709939
BTF_103_Pseudoeurotium_sp.	gi|1512469688|gb|MK163799.1|	100.000	494	0	0	16	509	40	533	0.0	913	1955113
BTF_31_Helotiales_sp./Cistella_acuum	gi|300862501|emb|FR667211.1|	100.000	500	0	0	13	512	15	514	0.0	924	47746
BTF_76_Patinella_sp.	gi|1512469645|gb|MK163756.1|	99.593	492	2	0	15	506	84	575	0.0	898	2488104
BTF_59_Pseudozyma_sp.	gi|563427721|gb|JX188212.1|	96.266	241	7	2	531	771	502	740	1.86e-107	401	1280506
BTF_35_Penicillium_chrysogenum	gi|1496530371|gb|MG775225.1|	99.810	525	1	0	16	540	22	546	0.0	965	5076
BTF_45_Vishniacozyma_victoriae	gi|923141828|gb|KR698898.1|	99.694	327	1	0	11	337	16	342	1.11e-167	601	1699677
BTF_91_Helotiales_sp.	gi|480326964|gb|JX507687.1|	99.417	515	2	1	22	536	1	514	0.0	933	1321877
BTF_71_Mortierella_sp.	gi|117571276|gb|EF031107.1|	99.826	575	0	1	8	581	57	631	0.0	1055	409952;482416
BTF_48_Pseudogymnoascus_sp./Geomyces_sp.	gi|401815184|gb|JX139702.1|	100.000	505	0	0	14	518	19	523	0.0	933	1223424
BTF_146_Cladosporium_sp.	gi|1487110028|gb|MG548567.1|	96.914	486	15	0	36	521	96	581	0.0	837	1707700
BTF_82_Cladosporium_sp.	gi|1500175078|gb|MK111541.1|	99.798	495	1	0	20	514	6	500	0.0	911	1707700
BTF_137_Cladosporium_pseudocladosporioides	gi|1552197866|gb|MK387900.1|	100.000	494	0	0	15	508	16	509	0.0	913	887100
BTF_147_Unknown/Thelephoracea_sp.	gi|305854769|dbj|AB520365.1|	81.796	412	69	6	80	487	111	520	3.37e-99	374	175245
BTF_81_Cladosporium_sp.	gi|753220691|gb|KM977777.1|	99.787	469	1	0	85	553	12	480	0.0	863	1609079
BTF_127_Geomyces_sp./Pseudogymnoascus_sp.	gi|256016315|gb|FJ379798.1|	99.673	306	1	0	12	317	27	332	2.97e-156	562	666850
BTF_114_Cladosporium_sp./Caryospora_sp.	gi|1605000575|gb|MK722292.1|	100.000	492	0	0	13	504	29	520	0.0	909	470178
BTF_42_Mucor_hiemalis	gi|1333886402|gb|MG827325.1|	99.492	591	2	1	14	603	6	596	0.0	1077	64493
BTF_140_Stagonospora_sp./Phaeosphaeria_culmorum	gi|530746700|gb|KF251269.1|	98.958	192	2	0	123	314	357	548	9.51e-92	348	1352332
BTF_117_Cladosporium_sp./Caryospora_sp.	gi|1605000575|gb|MK722292.1|	100.000	492	0	0	13	504	30	521	0.0	909	470178
BTF_65_Penicillium_sp.	gi|256016319|gb|FJ379802.1|	99.244	529	3	1	11	538	25	553	0.0	959	572206
BTF_105_Pseudoeurotium_sp.	gi|1512469688|gb|MK163799.1|	100.000	494	0	0	18	511	40	533	0.0	913	1955113
BTF_10_Patinella_sp.	gi|1512469645|gb|MK163756.1|	99.595	494	2	0	15	508	84	577	0.0	902	2488104
BTF_52_Periconia_sp.	gi|969821378|gb|KR016161.1|	100.000	500	0	0	18	517	26	525	0.0	924	410823
BTF_20_Cadophora_fastigiata	gi|209981630|gb|FJ235980.1|	99.624	532	2	0	6	537	22	553	0.0	976	571022
BTF_124_Septoriella_hollandica	gi|1694420403|gb|MK539967.1|	99.440	536	2	1	9	544	52	586	0.0	972	2591522
BTF_32_Cadophora_fastigiata	gi|209981630|gb|FJ235980.1|	98.872	532	4	2	13	542	27	558	0.0	955	571022
BTF_129_Rutola_graminis	gi|1263160557|gb|MG208158.1|	87.315	473	44	14	38	496	1	471	1.99e-145	527	2045291
BTF_50_Patinella_sp.	gi|522358211|gb|KC514867.1|	99.592	490	2	0	21	510	21	510	0.0	896	1342947
BTF_8_Caryospora_sp./Cladosporium_sp.	gi|1605000575|gb|MK722292.1|	99.798	494	1	0	15	508	29	522	0.0	909	470178
BTF_138_Cladosporium_sp.	gi|764006749|emb|LN808882.1|	96.129	465	2	1	15	463	82	546	0.0	747	29918
BTF_111_Microdochium_lycopodinum	gi|1125802643|ref|NR_145223.1|	100.000	483	0	0	23	505	123	605	0.0	893	1682388
BTF_34_Helotiales_sp.	gi|1368344066|gb|MF494624.1|	99.795	487	0	1	8	493	57	543	0.0	893	2133805
BTF_33_Ascomycota	gi|570963304|gb|KF617906.1|	99.200	500	3	1	15	513	63	562	0.0	902	175245
BTF_93_Cladosporium_sp.	gi|763711851|gb|KP151612.1|	100.000	499	0	0	11	509	11	509	0.0	922	29918
BTF_115_Cladosporium_sp./Caryospora_sp.	gi|1278944481|gb|MG265951.1|	100.000	489	0	0	11	499	60	548	0.0	904	1709941
BTF_92_Pseudogymnoascus	gi|384368011|gb|AC245505.2|	94.068	118	6	1	16	132	175245	175362	2.36e-44	189	9606
BTF_128_Phaeosphaeria	gi|1473249441|gb|MH862385.1|	97.744	532	7	5	8	536	48	577	0.0	913	85909
BTF_40_Cladosporium_macrocarpum/Cladosporium_herbarum	gi|763711851|gb|KP151612.1|	100.000	497	0	0	13	509	11	507	0.0	918	29918
BTF_63_Acanthophysellum_cf._lividocoeruleum	gi|163257866|emb|AM901931.1|	98.985	591	5	1	9	598	20	610	0.0	1057	175244
BTF_55_Pseudeurotium_sp.	gi|1512469688|gb|MK163799.1|	100.000	492	0	0	16	507	40	531	0.0	909	1955113
BTF_104_Mortierella_sp.	gi|772807963|gb|KP177447.1|	99.829	585	0	1	11	594	14	598	0.0	1074	1633002
BTF_131_Vishniacozyma_victoriae	gi|923141842|gb|KR698912.1|	100.000	464	0	0	11	474	17	480	0.0	857	1699677
BTF_100_Cladosporium_sp.	gi|1278944481|gb|MG265951.1|	99.592	490	0	1	13	502	61	548	0.0	893	1709941
BTF_149_Caryospora_sp./Cladosporium_sp.	gi|1605000575|gb|MK722292.1|	100.000	492	0	0	15	506	30	521	0.0	909	470178
BTF_41_Vishniacozyma_victoriae	gi|923141842|gb|KR698912.1|	100.000	461	0	0	11	471	17	477	0.0	852	1699677
BTF_85_Neobulgaria_sp.	gi|119444097|gb|EF093147.1|	97.575	536	9	4	18	550	72	606	0.0	920	416353
BTF_13_Unknown/Helotiales_sp.	gi|1379769463|gb|MH238525.1|	90.400	125	12	0	14	138	45	169	2.87e-41	180	175245
BTF_101_Cladosporium_sp.	gi|1605000575|gb|MK722292.1|	100.000	493	0	0	12	504	29	521	0.0	911	470178
BTF_106_Davidiella_sp./Cladosporium_sp.	gi|129562695|gb|EF432285.1|	98.560	486	7	0	37	522	84	569	0.0	867	429380
BTF_77_Ciliciopodium_hyalinum/Pseudogymnoascus_pannorum	gi|1584433599|gb|MH487544.1|	100.000	503	0	0	14	516	133	635	0.0	929	1634958
BTF_62_Helotiales_sp.	gi|480326964|gb|JX507687.1|	99.414	512	2	1	19	530	1	511	0.0	928	1321877
BTF_51_Cadophora_luteo-olivacea	gi|1434819137|gb|MG944391.1|	100.000	572	0	0	16	587	14	585	0.0	1057	227289
BTF_151_Ambomucor_seriatoinflatus/Mucor_zonatus	gi|58197992|gb|AY743664.1|	99.826	574	0	1	12	584	1829	2402	0.0	1053	310379
BTF_66_Patinella_sp.	gi|522358211|gb|KC514867.1|	98.413	504	8	0	25	528	24	527	0.0	902	1342947
BTF_130_Didymella_glomerata	gi|768806882|gb|KP193138.1|	99.586	483	2	0	17	499	10	492	0.0	881	1628061
BTF_80_Penicillium_chrysogenum	gi|1496530371|gb|MG775225.1|	99.810	527	1	0	17	543	20	546	0.0	968	5076
BTF_46_Ciliciopodium_hyalinum/Pseudogymnoascus_pannorum	gi|1584433599|gb|MH487544.1|	100.000	506	0	0	13	518	132	637	0.0	935	1634958
BTF_17_Pseudocamarosporium_brabeji	gi|189909433|gb|EU552105.1|	97.857	560	11	1	16	574	153	712	0.0	966	531885
BTF_87_Penicillium_chrysogenum	gi|1473253053|gb|MH865997.1|	99.810	526	0	1	13	537	53	578	0.0	965	5076
BTF_120_Cadophora_luteo-olivacea	gi|1331372348|gb|MG813217.1|	100.000	573	0	0	20	592	33	605	0.0	1059	227289
BTF_38_Neobulgaria_sp./Helotiales_sp.	gi|119444097|gb|EF093147.1|	98.276	522	7	2	27	547	87	607	0.0	913	416353
BTF_30_Phaeosphaeria_sp.	gi|1473249441|gb|MH862385.1|	98.682	531	6	1	8	537	48	578	0.0	942	85909
BTF_3_Pleosporales_sp.	gi|532166250|gb|KC966093.1|	99.625	534	1	1	14	547	59	591	0.0	974	175245
BTF_39_Helotiales_sp.	gi|1368344066|gb|MF494624.1|	99.593	491	1	1	10	499	58	548	0.0	894	2133805
BTF_121_Geomyces_sp./Pseudogymnoascus_pannorum	gi|256016315|gb|FJ379798.1|	100.000	508	0	0	12	519	27	534	0.0	939	666850
BTF_73_Cadophora_fastigiata	gi|209981630|gb|FJ235980.1|	100.000	528	0	0	9	536	25	552	0.0	976	571022
BTF_102_Penicillium_sp.	gi|3169906|gb|AF034463.1|AF034463	99.630	540	1	1	18	556	29	568	0.0	987	5083
BTF_69_Cadophora_luteo-olivacea	gi|1368344056|gb|MF494614.1|	99.662	591	1	1	15	605	49	638	0.0	1081	227289
BTF_27_Valsa_sp.	gi|526482506|gb|KF294000.1|	99.275	552	4	0	34	585	26	577	0.0	998	1230083
BTF_68_Cryptococcus_sp./Naganishia_sp.	gi|565666344|emb|HG532079.1|	99.824	569	1	0	10	578	53	621	0.0	1048	1413778
BTF_47_Ciliciopodium_hyalinum	gi|1584433599|gb|MH487544.1|	100.000	505	0	0	14	518	133	637	0.0	933	1634958
BTF_108_Cladosporium_sp./Caryospora_sp.	gi|1591261824|gb|MK629946.1|	99.800	499	1	0	8	506	56	554	0.0	918	317680
BTF_123_Neostagonospora_sp./Phaeosphaeria	gi|1393499157|gb|MH399526.1|	99.055	529	4	1	13	540	66	594	0.0	948	2211332
BTF_43_Helotiales_sp.	gi|119444097|gb|EF093147.1|	97.393	537	10	4	12	545	71	606	0.0	917	416353
BTF_14_Trichoderma_sp.	gi|1465463477|gb|MG733710.1|	99.074	108	1	0	511	618	437	544	7.28e-46	196	97093
BTF_26_Cadophora_fastigiata	gi|209981630|gb|FJ235980.1|	99.812	532	1	0	8	539	23	554	0.0	979	571022
BTF_75_Acremonium_sp./Cosmospora	gi|570962731|gb|KF617333.1|	96.260	508	18	1	25	531	69	576	0.0	854	175245
BTF_83_Cladosporium_sp.	gi|1314929437|gb|MG686514.1|	97.561	328	8	0	100	427	176	503	5.45e-160	575	1707700
BTF_11_Cladosporium_sp.	gi|764006749|emb|LN808882.1|	99.785	466	1	0	87	552	81	546	0.0	857	29918
Basidiobolus_ranarum	gi|358441792|gb|JN943057.1|	100.000	578	0	0	1	578	1	578	0.0	1068	34480
BTF_86_Helotiales_sp.	gi|1368344066|gb|MF494624.1|	95.102	490	18	5	12	495	58	547	0.0	769	2133805
BTF_126_Ustilentyloma_graminis	gi|408884094|ref|NR_073285.1|	99.480	577	1	2	24	598	51	627	0.0	1050	106009
BTF_37_Neobulgaria_sp./Helotiales_sp.	gi|119444097|gb|EF093147.1|	97.909	526	8	3	21	544	80	604	0.0	909	416353
BTF_145_Caryospora_sp./Cladosporium_sp.	gi|1605000575|gb|MK722292.1|	100.000	492	0	0	15	506	30	521	0.0	909	470178
BTF_22_Cladosporium_allicinum/Cladosporium_herbarum	gi|1587998148|gb|MK611757.1|	99.798	494	1	0	16	509	28	521	0.0	909	1707700
BTF_49_Cadophora_fastigiata	gi|209981630|gb|FJ235980.1|	99.811	530	1	0	16	545	27	556	0.0	976	571022
BTF_110_Cladosporium_sp./Caryospora_sp.	gi|1605000575|gb|MK722292.1|	100.000	492	0	0	14	505	30	521	0.0	909	470178
BTF_60_Helotiales_sp.	gi|1368344066|gb|MF494624.1|	95.652	483	16	4	16	493	66	548	0.0	771	2133805
BTF_119_Penicillium	gi|662009499|ref|NR_121519.1|	99.631	542	1	1	18	558	112	653	0.0	990	1131559
BTF_135_Dioszegia_sp.	gi|1140176553|gb|KY474300.1|	99.563	458	1	1	11	467	36	493	0.0	835	1943635
BTF_133_Cladosporium_sp.	gi|1605000575|gb|MK722292.1|	99.798	495	1	0	17	511	28	522	0.0	911	470178
BTF_144_Ciliciopodium_hyalinum	gi|1584433599|gb|MH487544.1|	96.337	273	10	0	13	285	131	403	2.24e-124	457	1634958
BTF_125_Vishniacozyma_victoriae	gi|1005665987|emb|HG935858.1|	99.153	472	3	1	24	495	89	559	0.0	852	526442
BTF_99_Pseudogymnoascus_sp./Geomyces_sp.	gi|256016315|gb|FJ379798.1|	100.000	510	0	0	12	521	27	536	0.0	942	666850
BTF_15_Caryospora_sp./Cladosporium_sp.	gi|1605000575|gb|MK722292.1|	100.000	493	0	0	17	509	30	522	0.0	911	470178
BTF_44_Cadophora_fastigiata	gi|209981630|gb|FJ235980.1|	98.872	532	4	2	17	548	27	556	0.0	955	571022
BTF_89_Caryospora_sp./Cladosporium_sp.	gi|1605000575|gb|MK722292.1|	100.000	492	0	0	17	508	30	521	0.0	909	470178
BTF_53_Strickeria_kochii	gi|1004349572|gb|KT949917.1|	95.076	528	23	2	35	560	202	728	0.0	832	1812780
BTF_36_Neobulgaria_sp./Helotiales_sp.	gi|119444097|gb|EF093147.1|	97.909	526	8	3	20	543	80	604	0.0	909	416353
BTF_28_Patinella_sp.	gi|1512469645|gb|MK163756.1|	99.593	491	2	0	16	506	84	574	0.0	896	2488104
BTF_132_Cladosporium_macrocarpum/Cladosporium_herbarum	gi|763711851|gb|KP151612.1|	100.000	495	0	0	8	502	11	505	0.0	915	29918
BTF_25_Dioszegia_sp.	gi|510952229|gb|KC455892.1|	99.554	448	2	0	13	460	1	448	0.0	821	1342761
BTF_19_Pseudeurotium_sp.	gi|1005666006|emb|HG935877.1|	100.000	484	0	0	21	504	92	575	0.0	894	642475
BTF_78_Pseudogymnoascus_sp./Geomyces_sp.	gi|256016315|gb|FJ379798.1|	99.803	507	1	0	11	517	26	532	0.0	931	666850
BTF_112_Cladosporium_sp./Caryospora_sp.	gi|1605000575|gb|MK722292.1|	100.000	493	0	0	14	506	29	521	0.0	911	470178
BTF_122_Cladosporium_sp.	gi|1587998148|gb|MK611757.1|	99.798	496	1	0	15	510	26	521	0.0	913	1707700
BTF_7_Mortierella_minutissima	gi|251752842|dbj|AB476417.1|	100.000	587	0	0	8	594	1	587	0.0	1085	64525
BTF_139_Fusarium_tricinctum	gi|1450315143|gb|MH754652.1|	99.220	513	4	0	22	534	11	523	0.0	933	91213
BTF_148_Ramularia_vallisumbrosae	gi|1097197585|gb|KX287536.1|	98.270	289	2	3	11	296	131	419	9.16e-139	505	215471
BTF_118_Vishniacozyma_victoriae	gi|1005665987|emb|HG935858.1|	99.574	469	1	1	8	475	77	545	0.0	854	526442
